5036.4262
176.6153
141.0185
123.1690
112.7073
107.7671
104.1708
102.3607
98.8054
98.5053
96.7529
94.6704
92.5520
91.9717
91.7259
90.2024
88.3011
88.0001
87.6661
84.9365
83.7642
83.0312
83.2441
81.2628
81.0779
81.1197
80.0808
85.4574
78.6846
78.7737
77.7242
77.4690
76.9089
76.8477
77.5123
75.8342
76.0737
75.9887
74.5660
74.5853
73.9432
74.0131
73.1844
72.5132
72.5515
71.8097
71.6048
71.3456
70.6167
70.6504
70.0535
69.7768
68.4939
67.9249
68.0865
66.7999
66.7209
65.8918
65.5940
65.2587
64.0408
63.5383
63.4486
64.1047
62.6218
62.1148
61.7874
62.1586
61.2773
61.4629
60.5791
60.7140
60.4514
59.7784
59.9562
59.8743
59.6613
59.1820
59.2769
59.0778
58.9863
58.3175
58.7549
58.3492
58.1229
58.4576
57.9889
57.9898
57.8380
57.9171
57.2830
57.6820
56.9285
57.1833
57.3020
57.3563
56.9559
56.7157
56.8020
56.5210
53.6987
53.6462
53.6000
53.5716
53.5317
53.5112
53.5029
53.4770
53.4430
53.4190
53.1470
53.1357
53.1348
53.1323
53.1289
53.0968
53.0941
53.0935
53.0932
53.0932
